,id,predict,real result
589,590,0,0
888,889,1,0
573,574,0,1
612,613,1,1
422,423,0,0
219,220,0,0
31,32,1,1
705,706,0,0
220,221,0,1
785,786,0,0
205,206,1,0
407,408,1,1
684,685,0,0
745,746,1,0
376,377,0,1
642,643,0,0
174,175,0,0
769,770,0,0
620,621,0,0
737,738,1,1
611,612,0,0
619,620,0,0
865,866,1,1
478,479,0,0
484,485,1,1
679,680,1,1
747,748,1,1
99,100,0,0
471,472,0,0
639,640,0,0
754,755,1,1
112,113,0,0
306,307,1,1
217,218,0,0
758,759,0,0
291,292,1,1
19,20,1,1
209,210,0,1
805,806,0,0
275,276,1,1
587,588,1,1
270,271,0,0
540,541,1,1
91,92,0,0
299,300,1,1
608,609,1,1
188,189,0,0
650,651,0,0
266,267,0,0
353,354,0,0
339,340,0,0
544,545,1,0
30,31,0,0
791,792,0,0
144,145,0,0
511,512,0,0
74,75,0,1
223,224,0,0
150,151,0,0
734,735,0,0
161,162,1,1
583,584,1,0
63,64,0,0
282,283,0,0
317,318,0,0
122,123,0,0
674,675,0,0
732,733,0,0
392,393,0,0
496,497,1,1
86,87,0,0
485,486,0,0
72,73,0,0
159,160,0,0
802,803,1,1
327,328,1,1
781,782,1,1
408,409,0,0
373,374,1,0
681,682,1,1
142,143,0,1
766,767,1,0
742,743,1,1
454,455,0,0
838,839,0,1
570,571,0,1
680,681,0,0
692,693,0,1
640,641,0,0
852,853,1,0
186,187,0,1
211,212,1,1
629,630,0,0
752,753,0,0
24,25,0,0
433,434,0,0
833,834,0,0
1,2,1,1
667,668,0,0
163,164,0,0
636,637,0,0
344,345,0,0
155,156,0,0
177,178,1,0
292,293,0,0
601,602,0,0
80,81,0,0
5,6,0,0
314,315,0,0
64,65,0,0
728,729,0,0
375,376,1,1
712,713,0,1
855,856,1,1
702,703,1,0
743,744,0,0
118,119,1,0
102,103,0,0
277,278,0,0
281,282,0,0
276,277,1,0
748,749,0,0
241,242,0,1
567,568,0,0
610,611,0,0
350,351,0,0
744,745,0,1
216,217,0,1
489,490,0,1
555,556,0,0
243,244,0,0
70,71,0,0
618,619,1,1
171,172,0,0
254,255,1,0
880,881,1,1
868,869,0,0
381,382,1,1
431,432,1,1
141,142,0,1
78,79,1,1
751,752,1,1
643,644,0,1
590,591,0,0
208,209,1,1
329,330,1,1
735,736,0,0
664,665,0,1
575,576,0,0
494,495,0,0
872,873,0,0
440,441,1,1
746,747,0,0
625,626,0,0
248,249,0,1
191,192,0,0
340,341,1,1
759,760,1,1
29,30,0,0
598,599,0,0
886,887,0,0
447,448,1,1
380,381,1,1
571,572,1,1
783,784,0,0
345,346,1,1
826,827,0,0
477,478,0,0
114,115,1,0
521,522,0,0
856,857,1,1
337,338,1,1
302,303,0,0
538,539,0,0
853,854,1,1
160,161,0,0
695,696,0,0
594,595,0,0
613,614,0,0
215,216,1,1
563,564,0,0
97,98,0,1
412,413,1,1
835,836,1,1
124,125,0,0
293,294,0,0
330,331,0,1
233,234,0,1
660,661,0,1
213,214,0,0
738,739,0,0
837,838,0,0
279,280,0,1
386,387,0,0
505,506,1,0
432,433,1,1
50,51,0,0
395,396,0,0
818,819,0,0
623,624,0,0
232,233,0,0
364,365,0,0
206,207,0,0
65,66,0,1
399,400,1,1
524,525,0,0
727,728,0,1
677,678,1,1
803,804,1,1
55,56,0,1
879,880,1,1
27,28,1,0
635,636,1,1
3,4,1,1
862,863,1,1
503,504,0,0
57,58,0,0
250,251,0,0
402,403,1,0
396,397,0,0
763,764,1,1
666,667,0,0
259,260,1,1
